33.626664 172.0 -93.2814 30.6608 3.737323 63.0 0.0 0.9362 
37.883295 206.0 -123.281 44.2359 9.074322 108.0 0.0 0.4681 
33.241222 209.0 -83.4377 35.81 -4.036094 -45.0 1.875 1.4043 
32.634822 270.0 -82.5002 36.2781 -4.407143 132.0 2.8125 0.0 
31.387887 345.0 -88.1252 35.3419 -11.582151 26.0 0.9375 0.0 
37.487652 187.0 -122.813 45.6402 -1.519265 61.0 0.0 -0.9362 
29.452508 152.0 -96.5627 37.6824 -4.83563 36.0 -0.4688 0.4681 
36.472143 296.0 -87.6564 31.597 -1.033483 107.0 -2.3437 -1.8725 
36.397717 343.0 -75.0002 35.3419 -1.222711 137.0 3.75 0.9362 
36.371995 126.0 -123.281 42.8316 7.183823 28.0 0.0 -0.4681 
41.70018 381.0 -75.9377 31.597 2.9866 293.0 1.4062 -1.4044 
45.24298 163.0 -92.3439 28.3203 9.519046 71.0 0.0 -2.3405 
52.634332 408.0 -83.4377 32.0652 14.015623 98.0 0.4687 0.0 
41.031495 493.0 -75.9377 34.4057 -6.339834 180.0 1.875 -0.4681 
30.624739 193.0 -88.5939 34.4057 -7.781276 -38.0 0.0 1.4043 
44.414564 204.0 -74.0627 34.8738 3.994006 92.0 2.3437 0.0 
29.231005 102.0 -82.9689 36.7462 -5.321109 -4.0 1.875 0.4681 
39.796997 343.0 -91.8752 36.2781 -5.558444 142.0 2.8125 1.4043 
34.052509 556.0 -85.3127 36.7462 4.609555 177.0 4.2187 1.4043 
33.821186 200.0 -70.3127 43.2997 -3.537762 49.0 -0.9375 -0.4681 
36.175794 291.0 -86.2502 35.3419 3.964655 -75.0 0.4687 1.4043 
46.338275 455.0 -90.9377 34.4057 -7.467958 65.0 1.875 1.8724 
47.851746 112.0 -87.6564 30.1927 8.739514 11.0 0.0 -0.4681 
28.451784 312.0 -77.3439 40.491 -2.506395 96.0 0.9375 0.4681 
31.925383 166.0 -80.1564 35.3419 3.013311 76.0 4.2188 0.9362 
38.934366 126.0 -90.9377 39.5548 6.109624 -17.0 0.9375 1.4043 
33.367217 244.0 -88.1252 40.491 2.992522 150.0 0.9375 0.4681 
29.023312 79.0 -89.0627 42.8316 -17.059308 -25.0 0.4687 0.0 
36.90644 247.0 -78.7502 40.491 5.650766 26.0 -1.4063 -0.4681 
31.905679 163.0 -69.8439 41.8953 1.073964 71.0 2.3438 0.4681 
29.863318 107.0 -92.8127 39.5548 -3.050842 0.0 2.3437 1.4043 
31.554221 201.0 -72.1877 44.704 -2.907788 102.0 -0.4688 0.0 
27.186019 94.0 -80.1564 29.7246 -5.419643 -7.0 0.0 -0.9362 
37.130909 100.0 -78.2814 32.5333 -1.248525 -21.0 0.0 0.4681 
35.796799 141.0 -78.7502 29.2565 0.935517 18.0 1.4062 0.4681 
35.271827 138.0 -80.6252 29.7246 -6.156503 17.0 0.0 -0.9362 
38.667171 106.0 -94.6877 47.0445 7.623878 -60.0 -0.4688 1.8724 
39.788173 103.0 -98.9064 29.2565 3.194749 -2.0 -2.3437 0.4681 
31.612194 97.0 -94.2189 30.6608 -4.111942 -55.0 0.9375 1.4043 
34.436753 115.0 -96.5627 38.1505 -1.134836 -121.0 -3.75 -0.9362 
47.286299 129.0 -93.2814 28.7884 -5.740575 42.0 0.9375 -1.4043 
36.040342 191.0 -92.8127 46.1083 0.677051 12.0 -0.4688 0.9362 
28.757972 120.0 -83.4377 45.1721 -3.475555 24.0 3.75 1.8724 
32.860915 214.0 -76.4064 36.2781 -6.051151 23.0 0.9375 0.9362 
25.721938 90.0 -72.1877 40.0229 -9.298199 -12.0 1.4062 -1.4043 
28.107547 87.0 -78.2814 32.5333 -15.455802 -83.0 0.9375 0.0 
45.172247 128.0 -95.6252 29.7246 8.204804 40.0 0.9375 0.0 
36.344873 229.0 -94.2189 30.1927 7.559889 133.0 2.3438 0.4681 
34.33563 111.0 -86.7189 29.2565 -15.833706 -74.0 -2.8125 -2.8087 
32.036744 98.0 -82.9689 32.5333 -3.451077 -16.0 0.0 -0.4681 
29.466964 212.0 -92.8127 38.1505 -0.689163 -14.0 1.4062 3.2767 
65.047252 364.0 -88.5939 30.6608 14.54058 135.0 -0.9375 -1.4044 
64.542932 421.0 -85.7814 34.4057 0.935714 -1.0 0.0 -0.4681 
53.823075 415.0 -80.6252 40.9591 13.844925 -48.0 -0.4688 0.0 
56.881776 192.0 -90.4689 28.7884 -0.689542 51.0 0.4688 -1.8724 
38.019021 197.0 -100.313 32.5333 3.937213 49.0 -0.9378 0.0 
29.750997 260.0 -94.6877 30.6608 -15.95628 -21.0 0.0 0.0 
44.559772 189.0 -87.1877 36.2781 -3.972186 36.0 0.4687 0.0 
38.610624 261.0 -76.8752 38.1505 -2.276141 -16.0 0.0 0.4681 
28.961396 186.0 -94.2189 32.5333 -14.319757 4.0 0.9375 -0.4681 
39.485072 105.0 -98.4377 29.7246 3.386697 -62.0 -0.4688 -0.9362 
40.1355 245.0 -93.7502 29.2565 2.903059 41.0 -1.875 0.0 
30.904367 218.0 -71.2502 40.491 -3.641264 56.0 0.4687 -0.9362 
31.67859 279.0 -92.3439 28.7884 -14.414648 72.0 -0.9375 -1.4043 
39.843926 230.0 -95.6252 29.7246 -7.422702 24.0 -0.9375 0.0 
38.713528 372.0 -89.5314 32.5333 1.246752 10.0 0.4688 -0.4681 
41.332037 354.0 -121.406 40.0229 -3.189862 84.0 0.0 0.0 
28.82511 110.0 -83.4377 33.4695 -2.264658 -136.0 -2.3438 -0.4681 
33.537216 407.0 -81.0939 32.0652 -3.270486 209.0 -1.4062 0.4682 
37.525919 407.0 -90.9377 33.9376 1.122889 43.0 0.4687 0.0 
34.96983 472.0 -75.9377 35.81 6.068832 355.0 0.9375 -0.4681 
29.64585 143.0 -97.0314 30.1927 -3.144785 1.0 -0.4687 0.0 
37.765265 485.0 -79.2189 33.0014 5.120454 385.0 0.4688 4.6811 
32.603008 563.0 -82.5002 32.5333 -3.658716 372.0 -2.8125 2.3406 
50.154158 368.0 -122.813 44.704 8.860773 11.0 -2.344 -0.4681 
50.769443 290.0 -121.875 40.9591 10.384881 -117.0 -1.875 -3.2768 
47.123203 262.0 -87.1877 37.6824 -9.602265 57.0 0.9375 0.9362 
29.956656 177.0 -95.6252 32.5333 -1.901139 12.0 -1.4063 -1.4043 
33.642442 333.0 -86.7189 32.5333 -9.036245 -142.0 -0.9375 -0.4681 
54.671066 122.0 -122.813 40.9591 13.423653 13.0 0.0 -1.4044 
48.696399 162.0 -123.281 40.491 6.569101 54.0 -0.468 -1.8725 
35.983365 128.0 -122.813 40.9591 2.750717 -20.0 0.0 -1.4044 
41.170857 585.0 -89.0627 32.0652 4.778743 193.0 0.4687 -0.9362 
37.572597 198.0 -89.0627 35.3419 -4.014451 27.0 -0.4688 -0.4681 
37.587404 488.0 -82.0314 34.4057 3.857847 166.0 2.3438 -0.4681 
29.33849 106.0 -96.5627 31.1289 -15.191348 18.0 -0.4688 0.0 
42.133044 255.0 -91.8752 30.1927 -8.702786 -37.0 -0.4688 -1.8725 
33.112501 436.0 -82.5002 38.1505 -1.431149 -66.0 0.4687 1.4043 
27.373067 97.0 -83.9064 31.1289 -6.242383 -25.0 0.9375 0.0 
33.936142 125.0 -83.4377 34.4057 -3.758382 -40.0 0.4687 0.0 
29.145714 199.0 -80.6252 30.6608 -2.618351 62.0 2.3437 0.0 
37.417721 119.0 -78.2814 31.597 3.926198 19.0 1.4063 1.4043 
37.031364 243.0 -120.938 37.2143 2.16932 101.0 0.468 -1.8724 
31.662247 266.0 -98.4377 37.6824 1.900533 55.0 -3.2813 0.4681 
42.89378 296.0 -79.2189 37.2143 -0.578959 -74.0 0.4688 1.8724 
32.028788 244.0 -71.7189 40.9591 -7.528419 141.0 -0.4687 -0.4681 
31.403271 366.0 -81.5627 37.6824 -7.03728 4.0 1.875 3.2767 
34.052387 209.0 -85.7814 31.597 -5.53296 31.0 1.875 0.9362 
33.332358 413.0 -75.0002 35.81 -7.31022 260.0 2.3437 0.9362 
35.208627 249.0 -94.2189 44.2359 -2.26301 106.0 -3.2812 -1.4043 
32.316269 137.0 -96.0939 38.6186 -0.284404 46.0 0.4688 0.0 
28.733597 200.0 -91.4064 33.9376 -1.195008 -4.0 -0.4687 -1.8724 
34.829855 186.0 -85.7814 32.5333 -1.539508 -75.0 0.9375 -2.8086 
32.393473 99.0 -92.8127 41.8953 -2.316659 -32.0 1.4062 -0.4682 
32.497941 442.0 -85.7814 39.0867 -3.609363 117.0 0.0 1.4043 
39.733349 295.0 -81.0939 35.81 -15.559603 98.0 4.2188 0.9362 
37.220706 138.0 -86.2502 35.3419 0.16158 -72.0 1.875 0.0 
34.191824 240.0 -87.6564 47.5126 4.098174 124.0 3.2813 2.3405 
40.062635 126.0 -94.2189 36.2781 1.509697 -122.0 1.4063 -0.4681 
33.740473 116.0 -90.0002 36.7462 -13.609073 -53.0 0.0 1.8724 
31.378661 97.0 -86.7189 33.4695 -11.930815 -18.0 0.0 0.4681 
35.264417 281.0 -81.5627 33.9376 -1.735616 94.0 1.4062 0.9362 
53.426875 222.0 -77.8127 33.0014 1.98072 72.0 -0.4688 -0.9362 
38.612016 114.0 -73.5939 40.491 1.042241 -1.0 -0.4687 -0.9362 
32.402962 178.0 -73.1252 40.491 -1.927363 66.0 -0.9375 -1.8725 
38.803575 576.0 -81.5627 34.4057 7.107304 165.0 0.0 -1.4043 
30.878552 106.0 -94.6877 31.1289 2.010157 13.0 -3.2813 0.4681 
37.627488 145.0 -93.7502 46.1083 5.768417 1.0 -0.9375 2.8086 
40.560366 201.0 -89.5314 29.2565 -25.878235 87.0 -0.9375 -1.4043 
54.842682 258.0 -85.7814 33.0014 4.7345 28.0 0.0 0.4681 
42.668201 179.0 -79.6877 36.2781 4.236156 23.0 0.4687 0.4681 
34.830617 167.0 -73.1252 37.6824 5.004938 62.0 3.2812 3.2767 
40.199661 107.0 -94.6877 28.3203 -0.250539 12.0 0.4687 -0.4681 
45.480885 316.0 -97.0314 36.2781 9.239377 60.0 0.0 0.0 
47.893235 255.0 -92.8127 39.5548 -2.408079 62.0 0.9375 0.9362 
45.195095 363.0 -90.0002 38.6186 3.37729 43.0 -0.4688 0.0 
53.07029 163.0 -90.0002 37.2143 19.581832 1.0 -3.2813 -0.9362 
40.703171 276.0 -97.0314 39.5548 1.057035 -3.0 0.4688 1.4043 
42.928947 255.0 -95.1564 32.5333 3.097558 39.0 0.9375 2.8087 
34.90933 116.0 -92.3439 40.491 3.973117 12.0 -0.9375 -0.9362 
59.209606 320.0 -75.0002 35.81 -0.251539 95.0 1.875 -0.4681 
36.28836 284.0 -80.6252 42.3635 -4.833326 118.0 -0.9375 2.3406 
39.820993 471.0 -85.7814 36.2781 -0.293478 76.0 -0.4687 -0.4681 
35.674875 321.0 -75.4689 42.3635 -4.063171 33.0 -0.4687 0.9363 
33.141815 244.0 -74.0627 47.5126 1.872208 151.0 -0.4688 3.7448 
34.261506 115.0 -90.4689 30.1927 -2.589287 -61.0 0.0 -0.4681 
36.670467 480.0 -74.0627 46.5764 2.640896 155.0 -1.4063 3.2767 
32.223652 318.0 -73.5939 42.3635 -8.082349 105.0 0.9375 0.0 
45.926841 604.0 -72.6564 40.9591 6.520149 130.0 0.4688 0.4681 
30.10991 187.0 -86.7189 44.704 2.561377 105.0 3.75 1.4043 
37.938685 844.0 -89.5314 36.7462 -1.387505 230.0 0.0 0.9362 
35.755136 177.0 -122.813 46.5764 1.581949 27.0 -1.407 -0.9362 
40.996607 707.0 -78.7502 39.5548 -0.626292 294.0 1.4062 2.3405 
31.199941 226.0 -70.3127 46.1083 0.783111 39.0 1.4062 2.8086 
33.061177 203.0 -88.5939 33.0014 -10.352342 -3.0 0.9375 0.9362 
32.412471 224.0 -89.5314 42.3635 -0.766123 92.0 0.4688 0.4682 
30.729532 519.0 -74.5314 39.5548 -3.897316 315.0 1.4063 0.4681 
40.320118 150.0 -122.813 43.7678 -2.219509 36.0 0.0 0.0 
34.494292 407.0 -77.3439 33.9376 -1.269702 51.0 0.9375 0.4681 
32.825298 261.0 -69.3752 47.9807 -4.695668 162.0 -0.9375 2.3405 
26.464312 145.0 -87.1877 38.1505 -0.709767 74.0 0.4687 -1.8724 
30.996468 184.0 -74.0627 39.0867 0.644035 9.0 0.9375 0.9362 
29.421219 273.0 -90.4689 33.0014 -1.863583 128.0 0.9375 1.8725 
40.344964 272.0 -122.813 40.491 -4.00979 96.0 0.0 -1.4043 
36.895839 176.0 -122.344 40.9591 5.864972 26.0 0.0 0.0 
29.167128 136.0 -84.3752 39.0867 -6.701975 -47.0 1.875 -0.9362 
34.414382 489.0 -95.1564 33.9376 -0.906165 151.0 -0.9375 0.9362 
40.388654 235.0 -86.7189 34.8738 4.325739 -62.0 2.3438 1.4043 
34.657575 126.0 -122.813 47.0445 -4.691652 26.0 -0.469 0.0 
36.710448 373.0 -90.0002 33.9376 -6.281113 108.0 0.0 -0.4681 
40.468878 449.0 -81.0939 37.2143 4.699039 6.0 0.4688 1.4043 
34.968106 172.0 -92.8127 32.0652 -0.845717 53.0 0.4687 0.9363 
28.698201 147.0 -82.0314 33.4695 1.310164 9.0 1.4063 0.4681 
39.388386 191.0 -123.281 40.9591 1.268487 35.0 -0.468 -0.9362 
47.787034 160.0 -122.813 40.491 -2.509768 22.0 0.0 -1.4043 
38.427439 169.0 -121.875 39.0867 -1.498321 67.0 0.0 -0.9362 
27.085466 131.0 -120.0 37.6824 -4.132909 38.0 0.938 -1.8724 
38.605932 433.0 -94.2189 36.7462 -3.816889 110.0 1.875 -0.4681 
33.014551 400.0 -84.3752 44.2359 3.119457 236.0 2.8125 0.4681 
31.564707 140.0 -82.9689 37.2143 -3.010434 -57.0 1.4063 0.9362 
40.367947 334.0 -76.4064 33.4695 0.601197 189.0 1.875 1.4043 
28.760597 213.0 -97.9689 47.0445 -1.450577 -31.0 -0.4687 3.2767 
28.56533 195.0 -92.3439 40.491 -8.36096 103.0 2.3438 2.8086 
47.26727 101.0 -104.063 33.9376 13.352761 -47.0 -2.344 2.3406 
58.679908 264.0 -83.4377 27.8522 27.992501 172.0 -1.875 0.4681 
31.022287 390.0 -78.7502 39.0867 -2.676239 42.0 -0.9375 -0.9362 
31.209351 205.0 -88.1252 37.2143 -2.563477 60.0 3.75 1.4043 
41.821321 288.0 -94.2189 34.8738 -2.043504 -11.0 0.9375 0.4681 
36.327266 100.0 -96.5627 28.7884 4.699735 -93.0 -3.75 -1.8724 
36.088747 112.0 -87.1877 31.597 -3.794762 -40.0 -0.9375 0.9362 
33.56598 381.0 -93.2814 32.5333 -6.062854 32.0 0.9375 0.4681 
34.167161 229.0 -77.3439 33.9376 2.26219 93.0 0.0 0.4681 
42.213913 121.0 -92.3439 32.5333 -8.963336 1.0 -0.9375 0.9363 
30.757699 82.0 -95.6252 38.6186 -11.210476 -18.0 -0.4688 1.4043 
38.008337 88.0 -89.5314 33.0014 5.625597 -32.0 -0.4687 -0.4681 
30.65761 303.0 -90.4689 44.2359 2.57876 151.0 1.875 0.4681 
29.05353 221.0 -75.0002 44.704 -3.622118 95.0 -0.9375 0.9362 
39.367177 345.0 -95.6252 46.5764 8.337875 34.0 -1.875 2.3405 
33.632891 559.0 -87.6564 40.0229 -0.636997 241.0 0.0 4.2129 
32.500745 182.0 -96.5627 30.1927 -3.185183 48.0 -0.4688 0.4681 
31.348538 116.0 -96.5627 35.3419 -7.623011 -8.0 1.4062 3.2767 
34.156896 198.0 -83.9064 41.8953 -1.749807 47.0 -0.4687 1.4043 
37.764451 121.0 -93.7502 29.2565 3.083227 13.0 -0.4688 -0.9362 
40.176748 86.0 -94.6877 38.6186 6.146824 -8.0 -0.4688 -0.4681 
40.873078 109.0 -75.9377 42.3635 2.24997 -9.0 0.0 0.0 
39.100252 116.0 -96.0939 33.4695 3.879799 26.0 0.0 -0.9362 
35.79428 153.0 -78.2814 43.2997 7.297599 -70.0 0.9375 1.4044 
51.212511 199.0 -74.5314 34.8738 6.100287 91.0 0.9375 -0.9362 
38.580531 219.0 -78.2814 33.9376 2.821521 20.0 -0.4687 0.0 
26.74267 84.0 -72.1877 43.2997 -2.73863 -91.0 0.9375 0.4681 
60.060212 207.0 -80.1564 28.3203 -60.75577 60.0 0.0 0.0 
48.68278 237.0 -82.0314 30.6608 -0.288951 -6.0 -0.9375 0.0 
51.198153 323.0 -82.0314 33.0014 -7.829465 106.0 0.4688 -0.4681 
33.695305 196.0 -99.3752 44.704 2.829555 101.0 -4.2188 -1.8724 
54.35219 318.0 -80.6252 38.6186 0.243484 -19.0 -0.9375 0.0 
57.163898 342.0 -74.5314 44.704 8.390665 26.0 0.9375 0.9362 
39.241389 338.0 -92.8127 45.1721 -0.053546 80.0 1.875 0.9362 
67.68427 283.0 -86.2502 32.5333 -5.32455 54.0 0.0 -0.4681 
60.762155 344.0 -81.5627 38.1505 2.30549 -19.0 -0.4688 0.0 
45.219968 352.0 -72.1877 41.8953 -13.355908 134.0 0.9375 -0.4682 
38.490635 204.0 -100.313 39.5548 3.321833 60.0 -0.4691 0.0 
57.299196 168.0 -80.1564 28.3203 -28.110342 21.0 0.4688 0.0 
48.264405 163.0 -82.5002 32.5333 -8.646348 7.0 0.0 -0.4681 
37.552367 476.0 -74.5314 38.6186 -9.146618 209.0 2.3438 -0.4681 
47.833559 344.0 -91.8752 30.6608 -4.105276 82.0 0.4687 -0.4681 
58.203915 205.0 -90.0002 29.7246 18.825966 70.0 0.0 -1.4043 
38.642789 380.0 -91.4064 31.1289 -0.770378 141.0 0.0 -1.4044 
32.392052 107.0 -90.4689 35.81 0.620641 -46.0 3.75 -0.9362 
32.334298 139.0 -86.7189 39.0867 -7.759088 -36.0 -0.4687 -0.4681 
30.563305 269.0 -115.781 38.1505 1.326223 53.0 0.469 -0.4681 
37.412634 162.0 -113.906 34.4057 -5.516249 45.0 -0.937 -1.8724 
33.513807 291.0 -88.5939 47.5126 6.911203 197.0 -2.3437 2.3405 
42.271211 445.0 -93.7502 35.81 6.858364 67.0 -0.4688 0.9362 
38.290896 402.0 -88.5939 36.2781 -7.193365 150.0 2.3438 2.8086 
29.527017 127.0 -87.6564 33.0014 -6.437312 20.0 0.9375 0.9362 
32.880986 210.0 -120.938 47.9807 0.151022 110.0 1.406 0.9362 
33.109446 191.0 -88.1252 38.1505 1.995699 -21.0 1.875 0.4681 
30.640008 213.0 -78.2814 36.7462 -1.945446 78.0 0.4688 0.0 
35.679277 265.0 -103.594 31.1289 2.724136 55.0 -1.406 -0.4681 
36.753315 192.0 -103.125 28.7884 -5.356732 -3.0 -1.406 -1.4043 
34.259369 251.0 -97.0314 31.1289 -8.943738 3.0 -0.4687 0.0 
31.829631 554.0 -87.1877 35.81 -1.154885 104.0 0.0 0.9362 
30.615865 433.0 -74.0627 39.5548 -2.115184 204.0 1.4062 0.4681 
32.098283 217.0 -67.969 45.1721 -4.517205 124.0 0.4687 0.0 
29.543764 158.0 -88.1252 36.2781 -9.284174 -58.0 0.4687 0.9362 
26.848755 236.0 -73.5939 43.7678 -1.80308 119.0 -0.4687 -0.4681 
31.65235 110.0 -86.7189 34.4057 -1.503192 2.0 -0.4687 -0.4681 
30.054866 394.0 -86.7189 39.0867 -0.851791 274.0 0.4688 3.2767 
32.880682 133.0 -122.813 40.9591 0.477495 26.0 0.0 -0.4681 
50.007988 255.0 -122.344 41.8953 1.33698 70.0 0.0 0.0 
34.237923 318.0 -84.8439 35.3419 -3.506396 104.0 1.875 0.9362 
33.830104 345.0 -89.0627 33.0014 0.897371 25.0 0.4687 -0.4681 
30.235218 187.0 -113.906 35.3419 -7.457816 24.0 -1.406 -0.4681 
32.793991 211.0 -85.7814 39.5548 -1.10182 -102.0 3.75 1.4043 
33.780931 456.0 -89.0627 39.5548 -3.948044 124.0 0.9375 0.9362 
35.867521 555.0 -78.2814 34.8738 2.166979 104.0 0.0 -0.4681 
33.678385 139.0 -89.0627 30.6608 -7.841051 5.0 0.9375 0.4681 
33.445784 110.0 -87.1877 31.1289 3.63054 26.0 0.9375 0.0 
38.298438 458.0 -81.0939 30.1927 -1.059042 256.0 0.0 0.4681 
45.87612 535.0 -85.3127 30.1927 10.666996 307.0 -1.4063 -0.9362 
39.457815 318.0 -78.7502 29.2565 1.270991 211.0 2.3437 1.8724 
28.563217 105.0 -90.9377 37.6824 -2.329537 13.0 0.0 0.9362 
31.361635 149.0 -121.875 39.5548 1.51319 37.0 -0.469 0.4681 
32.941852 549.0 -76.8752 34.8738 0.000931999999999 371.0 -1.4063 -3.7448 
38.200588 222.0 -121.406 44.704 3.894588 39.0 -0.937 -1.4043 
42.574281 332.0 -81.0939 32.0652 -4.173173 25.0 4.2188 -1.4043 
32.523583 444.0 -79.6877 39.5548 -1.861828 -88.0 -0.9375 0.0 
36.207744 139.0 -85.7814 33.4695 -2.668435 -5.0 0.0 0.4681 
35.670635 276.0 -86.2502 33.0014 -19.135231 91.0 0.0 1.4044 
38.430679 570.0 -76.8752 39.0867 3.285008 5.0 0.4687 0.4681 
31.432783 349.0 -92.3439 35.81 -9.580009 185.0 -3.75 2.8086 
36.472723 200.0 -83.4377 33.9376 1.931481 -23.0 0.4687 2.3406 
38.927124 195.0 -68.9065 46.5764 -3.67216 88.0 -0.4688 0.9362 
34.324977 185.0 -87.6564 31.1289 -1.988674 -56.0 -1.4062 -1.8725 
37.715104 270.0 -78.2814 30.6608 11.640699 218.0 2.8125 -0.9362 
39.737949 505.0 -73.5939 34.4057 -2.509301 402.0 2.8125 -1.4043 
33.995916 176.0 -100.781 44.2359 0.889766 39.0 -4.2183 2.3406 
31.422679 181.0 -95.1564 39.5548 -8.328526 82.0 -0.4687 0.4681 
39.908997 316.0 -78.2814 38.6186 3.469757 -11.0 1.4063 0.9362 
47.377187 100.0 -67.969 44.704 10.322235 15.0 0.4687 -0.4681 
34.681543 103.0 -90.0002 33.9376 -1.042949 -19.0 0.0 0.4681 
35.626718 191.0 -92.8127 29.7246 1.106654 7.0 -0.9375 0.9362 
38.531034 375.0 -82.9689 32.0652 -7.769203 245.0 -3.75 1.4044 
49.729088 281.0 -83.4377 30.1927 14.890246 144.0 2.8125 -1.4043 
49.211803 124.0 -86.7189 37.6824 13.414694 -4.0 0.4688 1.4043 
34.091111 102.0 -83.4377 35.81 -2.604606 -30.0 -1.4063 0.0 
45.870695 167.0 -75.9377 40.0229 4.521068 -48.0 -0.4688 0.4681 
50.459226 293.0 -85.7814 29.7246 7.60785 116.0 -0.4687 -1.4043 
43.87866 262.0 -86.7189 35.3419 6.096477 60.0 0.0 0.4681 
36.911321 301.0 -93.2814 42.3635 3.717538 176.0 2.8125 1.8725 
29.708904 153.0 -97.0314 38.6186 -5.100679 32.0 -2.8125 -0.9362 
38.968548 246.0 -98.4377 35.81 6.96334 116.0 0.0 0.9362 
74.112953 305.0 -88.1252 30.6608 3.596104 157.0 0.0 -0.4681 
46.95656 312.0 -84.8439 37.2143 -0.668729 78.0 0.9375 -0.9362 
53.310378 412.0 -73.5939 45.1721 3.406884 76.0 1.4063 0.9362 
36.066703 148.0 -94.6877 36.7462 2.335697 -84.0 -0.9375 0.4681 
84.661463 206.0 -90.9377 27.8522 31.386533 89.0 0.9375 -1.4043 
79.181693 216.0 -93.2814 31.1289 -0.163008 1.0 -0.4687 -0.4681 
39.52526 431.0 -91.4064 39.0867 -4.168996 166.0 -1.875 3.2767 
43.452731 456.0 -75.9377 45.1721 15.646805 347.0 0.9375 1.4043 
49.334868 336.0 -76.8752 29.7246 6.616718 212.0 2.8125 -0.9362 
40.324233 369.0 -78.7502 32.0652 -1.095333 174.0 1.875 -1.4043 
38.43757 575.0 -78.7502 34.8738 -4.320348 210.0 -0.4688 -1.4043 
32.074116 135.0 -89.0627 47.0445 1.212816 56.0 0.4687 0.9362 
36.450737 839.0 -89.5314 48.9169 4.227489 673.0 2.3438 2.3405 
52.987207 610.0 -74.0627 40.0229 -4.592369 90.0 0.0 0.0 
52.068281 237.0 -69.8439 42.8316 3.036228 57.0 0.4688 -0.9362 
39.047284 144.0 -103.125 39.5548 4.555928 16.0 -1.406 0.0 
38.381383 224.0 -70.3127 44.2359 -26.322959 73.0 0.4687 0.9362 
65.308471 571.0 -75.9377 31.597 9.755762 263.0 2.8125 0.4681 
40.801387 667.0 -72.6564 39.5548 3.946707 350.0 0.4688 -3.2768 
32.024674 93.0 -123.281 44.704 0.377414 -5.0 -0.937 -1.8724 
32.107905 271.0 -82.9689 45.6402 2.533999 168.0 2.3438 0.9362 
29.696485 163.0 -87.6564 38.6186 -14.292417 -50.0 0.0 0.0 
39.931389 496.0 -78.7502 33.4695 3.322686 127.0 1.875 -0.9362 
39.221267 687.0 -70.3127 40.0229 -6.723757 445.0 0.0 -3.2768 
34.144373 148.0 -94.2189 29.7246 -6.363553 7.0 0.4688 0.9362 
34.155665 386.0 -76.8752 43.2997 -2.468283 144.0 1.875 2.3406 
44.027512 202.0 -121.875 40.9591 -7.220216 52.0 0.469 -0.4681 
36.64571 156.0 -80.1564 34.8738 6.747578 -12.0 0.4688 0.0 
37.646937 124.0 -92.3439 30.6608 -0.84836 8.0 0.4688 -0.9362 
35.147741 445.0 -83.9064 33.9376 1.468067 64.0 1.4063 0.0 
30.962125 399.0 -73.1252 39.5548 1.652227 207.0 0.4687 -1.8724 
34.819463 414.0 -75.9377 33.0014 8.467291 341.0 4.2187 1.4044 
33.986718 167.0 -122.813 42.8316 -5.109599 32.0 0.0 0.4681 
31.592575 345.0 -122.813 45.1721 -3.043578 164.0 -0.469 3.2768 
30.447471 156.0 -70.3127 46.5764 0.698069 50.0 -0.9375 0.9362 
38.66917 173.0 -123.281 42.3635 3.571011 76.0 -0.468 0.4682 
50.670659 243.0 -122.344 42.3635 5.632328 47.0 0.469 0.0 
48.790334 344.0 -121.875 43.2997 -5.196342 131.0 0.938 -0.4681 
45.256363 401.0 -119.063 40.9591 -7.211914 167.0 2.812 0.0 
45.277765 235.0 -120.469 36.2781 -1.967797 96.0 -0.938 -0.9362 
29.426494 119.0 -81.5627 33.4695 -9.931322 -87.0 0.0 0.9362 
31.932984 391.0 -70.7814 37.6824 -1.532325 261.0 2.3438 -2.8086 
36.927498 303.0 -120.938 45.6402 1.778889 51.0 -0.469 -1.4043 
41.415815 342.0 -87.6564 34.8738 1.86172 -4.0 0.4688 0.4681 
30.934383 383.0 -72.6564 45.1721 -4.362632 121.0 0.9375 1.8724 
28.039046 168.0 -92.8127 33.4695 -13.445765 -53.0 -0.4688 -0.9362 
32.035255 335.0 -82.0314 37.6824 -2.227447 141.0 3.75 1.4043 
29.308843 187.0 -94.2189 34.8738 -2.855562 22.0 0.4688 0.9362 
35.779965 215.0 -122.813 46.1083 -1.834873 48.0 -1.875 -1.8724 
33.164696 243.0 -90.4689 32.0652 0.855642 -86.0 -2.3437 -0.9362 
36.635901 92.0 -92.8127 31.597 -0.710374 -30.0 0.0 -0.9363 
39.554593 331.0 -89.5314 33.0014 2.249173 14.0 0.9375 0.4681 
39.61394 171.0 -122.344 39.5548 1.215195 12.0 0.0 -1.4043 
35.583707 250.0 -120.938 39.5548 4.151477 40.0 0.468 -0.9362 
41.511791 206.0 -87.6564 38.6186 -2.478945 -71.0 2.3438 2.3405 
27.386137 119.0 -89.0627 37.6824 -6.523383 -59.0 -2.3438 -1.4043 
38.803675 195.0 -94.6877 34.4057 -2.683729 7.0 0.0 0.4681 
45.385186 299.0 -90.0002 34.4057 8.234197 -16.0 0.9375 0.9362 
26.041601 101.0 -89.5314 35.81 -0.298541 0.0 3.2813 2.3405 
32.337194 230.0 -78.7502 39.5548 3.923454 100.0 -1.875 0.0 
34.739695 155.0 -73.5939 42.8316 -3.794578 24.0 -0.4687 0.9363 
38.156077 270.0 -72.6564 34.8738 5.938459 183.0 4.2188 0.4681 
39.252572 396.0 -94.2189 36.2781 -3.523351 73.0 -0.4687 1.4043 
31.334289 87.0 -94.6877 35.3419 1.211485 -26.0 -1.4063 -0.4681 
32.114642 149.0 -89.5314 37.2143 -4.033504 -51.0 -0.4687 3.2767 
33.481343 257.0 -84.8439 43.7678 -0.582922 13.0 -0.4687 0.0 
32.239591 113.0 -70.7814 45.1721 1.996496 8.0 -2.3437 0.0 
44.346485 330.0 -75.4689 35.3419 0.545587 119.0 1.875 0.0 
33.511677 238.0 -75.0002 40.491 -1.365374 -16.0 1.4062 0.0 
28.301634 278.0 -75.0002 43.7678 -11.97819 31.0 2.3437 3.7449 
36.252902 174.0 -74.0627 43.2997 -5.404422 73.0 0.4687 1.4044 
34.078338 110.0 -94.6877 27.8522 -20.500773 -17.0 -0.4688 0.0 
32.897413 253.0 -90.0002 45.1721 -3.032172 152.0 3.2812 0.9362 
28.06272 97.0 -72.6564 45.6402 0.131524 -4.0 -0.4687 1.8724 
35.520922 105.0 -77.3439 42.3635 2.736408 -24.0 -0.9375 0.0 
46.153717 329.0 -78.7502 34.4057 15.074946 128.0 0.4687 -0.4681 
64.462286 274.0 -75.9377 37.2143 -9.564778 57.0 0.4687 0.0 
44.239237 329.0 -74.0627 40.0229 3.210489 136.0 2.3437 -1.4043 
30.08727 154.0 -82.5002 33.4695 -2.702154 42.0 -0.9375 -1.4043 
40.371989 238.0 -88.1252 37.2143 -8.968935 -65.0 -0.4688 0.0 
42.463357 118.0 -76.8752 38.1505 -2.934369 -14.0 0.0 0.0 
29.271781 120.0 -69.3752 45.6402 -12.177002 -11.0 0.4687 0.9362 
44.153082 139.0 -99.3752 34.4057 -9.276794 -141.0 -2.8125 2.8087 
49.261049 602.0 -91.4064 33.0014 -13.145758 197.0 1.4063 -0.4681 
37.183286 802.0 -83.4377 37.6824 -2.102956 152.0 1.4062 1.4043 
30.84333 193.0 -71.7189 44.704 -2.236731 14.0 2.3438 0.9362 
37.737364 565.0 -87.1877 35.81 3.544678 28.0 0.4687 0.4681 
41.454218 774.0 -73.1252 38.6186 1.648888 211.0 2.3437 -0.9362 
34.823334 228.0 -91.8752 33.9376 0.925799 9.0 0.9375 0.4681 
49.679047 295.0 -120.469 46.1083 -0.530211 155.0 1.875 0.0 
33.48893 302.0 -82.0314 34.8738 -1.124732 173.0 -3.75 0.9362 
30.620018 144.0 -75.4689 38.1505 -8.674483 14.0 0.4688 0.4681 
37.317099 404.0 -88.1252 34.8738 -7.989757 -63.0 0.4687 0.4681 
31.814898 579.0 -81.5627 39.5548 -2.943162 212.0 -2.8125 1.8724 
43.14025 339.0 -90.4689 37.6824 -8.170886 53.0 0.4688 -0.4681 
33.920101 554.0 -82.0314 42.3635 -1.086773 184.0 -0.4687 0.0 
32.329455 110.0 -87.6564 37.2143 -3.159891 -68.0 1.875 1.8724 
33.355119 289.0 -123.281 46.1083 1.770499 93.0 -0.468 1.4043 
32.238148 128.0 -122.813 44.2359 -3.135844 -20.0 -0.469 -2.3405 
28.817586 303.0 -97.9689 37.6824 -0.031104 78.0 -0.4687 0.0 
37.64135 295.0 -84.3752 34.4057 1.265332 -10.0 0.4687 1.4043 
30.005336 460.0 -73.1252 37.6824 -4.625122 341.0 2.3437 2.3405 
37.759507 186.0 -92.3439 27.8522 7.464163 54.0 3.75 -0.9362 
36.241715 436.0 -82.0314 32.5333 -4.663485 93.0 -0.9375 0.4681 
53.067324 125.0 -123.281 43.2997 14.52085 21.0 0.0 -0.9362 
36.485812 171.0 -123.281 41.8953 -2.390021 28.0 -0.468 -0.4682 
39.185771 630.0 -94.2189 34.4057 -12.563672 185.0 -0.4687 0.4681 
35.558428 434.0 -87.1877 32.5333 -4.15117 251.0 0.4687 0.0 
41.093876 141.0 -122.813 44.2359 2.014456 7.0 0.0 0.0 
46.018493 239.0 -93.2814 29.7246 7.423047 -39.0 0.9375 -0.9362 
28.811912 157.0 -88.1252 29.7246 -0.23989 -62.0 -0.4688 -2.3406 
31.695758 236.0 -72.6564 41.4272 2.558186 144.0 1.4063 0.9362 
30.983715 381.0 -90.9377 36.2781 -10.263594 96.0 1.4062 0.4681 
37.578071 266.0 -92.3439 34.4057 -16.174039 117.0 0.9375 0.4681 
26.6379 189.0 -87.6564 37.6824 -5.428432 -99.0 1.875 1.4043 
35.078916 141.0 -95.1564 27.8522 -1.157542 33.0 0.9375 -0.9362 
33.756044 229.0 -87.1877 38.6186 1.50172 94.0 0.4687 0.0 
26.082985 76.0 -85.3127 34.4057 -6.293414 -70.0 -1.4063 -0.9362 
33.703084 447.0 -72.6564 40.0229 0.983899 -18.0 3.75 0.4681 
39.11078 137.0 -96.5627 31.1289 -4.888181 -44.0 -0.4688 1.4043 
28.746614 99.0 -93.2814 30.6608 -14.758804 -31.0 1.875 1.4043 
37.874464 542.0 -77.3439 35.81 -0.816081 232.0 0.9375 -0.9362 
39.43609 491.0 -69.3752 41.8953 -3.525288 292.0 0.0 -2.3406 
39.471616 171.0 -99.8439 32.0652 1.699899 28.0 -0.4687 0.9363 
51.227223 155.0 -97.5002 33.4695 12.847674 37.0 0.0 -0.9362 
31.881412 352.0 -87.6564 35.81 0.35027 241.0 2.8125 1.8724 
41.913335 532.0 -76.4064 38.1505 -0.888252 -7.0 0.4688 0.4681 
41.134248 605.0 -71.2502 41.8953 -5.40243 335.0 0.4687 -1.4044 
40.100017 255.0 -100.313 40.491 2.5402 69.0 -1.8753 -0.9362 
34.205441 348.0 -90.0002 40.9591 1.141496 -50.0 0.9375 2.8086 
34.489987 349.0 -101.719 43.2997 -2.380466 202.0 -2.8126 -0.4681 
40.114699 222.0 -96.5627 41.4272 -2.943183 -126.0 0.9375 -0.9363 
44.975909 137.0 -99.8439 33.4695 13.935882 18.0 0.4691 -0.9362 
35.724691 219.0 -93.7502 42.3635 0.783503 27.0 0.4687 0.4682 
31.531184 160.0 -99.3752 43.7678 2.280171 26.0 0.0 -0.4681 
52.911934 319.0 -79.2189 29.2565 0.873581 60.0 1.875 -0.4681 
36.678317 356.0 -75.0002 33.9376 3.319528 161.0 3.75 -1.4043 
45.439796 176.0 -98.9064 43.7678 14.462372 91.0 -0.4687 0.4681 
35.895503 137.0 -95.6252 37.6824 -1.027302 -10.0 -0.9375 0.0 
38.930386 122.0 -95.6252 37.6824 1.618647 11.0 0.0 0.0 
28.290433 86.0 -93.2814 37.6824 -5.909771 -16.0 -1.4062 0.4681 
33.793712 117.0 -95.1564 27.8522 -17.70133 -11.0 0.0 -0.4681 
26.647745 78.0 -94.2189 44.2359 -7.616372 -10.0 -0.4687 0.4681 
34.808193 202.0 -89.0627 42.8316 -9.011703 22.0 0.4687 -0.4681 
40.807118 254.0 -83.9064 42.3635 6.149885 -45.0 0.4688 0.4682 
32.543228 140.0 -75.9377 40.9591 4.935279 55.0 1.4062 0.0 
30.762052 130.0 -96.0939 40.0229 -2.896622 31.0 -2.3437 -0.4681 
40.458616 108.0 -95.6252 36.2781 11.569822 27.0 -1.875 -0.4681 
42.545069 129.0 -92.8127 29.7246 -11.183003 15.0 -0.4688 -0.4681 
36.063008 214.0 -85.3127 34.8738 5.740322 51.0 -0.4688 0.0 
36.386466 250.0 -71.2502 47.0445 -10.369786 92.0 -2.3437 1.4043 
40.216585 186.0 -85.7814 31.1289 -0.36981 62.0 0.0 0.4681 
31.594342 282.0 -89.0627 30.6608 -12.751822 46.0 -0.9375 -2.3406 
46.68197 455.0 -83.4377 37.6824 5.02579 1.0 0.0 -0.4681 
34.565439 94.0 -78.2814 36.2781 2.206773 -72.0 -0.4687 -0.4681 
31.101252 311.0 -79.2189 32.0652 -7.304494 103.0 -0.9375 -3.2767 
30.627222 225.0 -73.1252 42.8316 -0.752453 48.0 0.0 -0.4681 
26.811512 105.0 -70.7814 46.1083 -3.309671 9.0 0.4688 -0.4681 
37.045419 81.0 -94.6877 27.8522 5.176552 -13.0 0.4687 -2.8086 
32.396068 89.0 -91.4064 28.7884 1.241766 -55.0 0.9375 -4.213 
33.602822 423.0 -84.3752 35.81 -6.044283 133.0 0.4687 0.9362 
33.985871 435.0 -109.688 34.8738 -2.621307 222.0 0.937 -0.4681 
37.062428 228.0 -96.0939 39.5548 4.397281 -29.0 0.4688 1.4043 
33.437838 225.0 -90.0002 35.81 -0.721919 -162.0 -0.4688 1.4043 
37.731378 96.0 -89.0627 30.1927 3.634607 -119.0 0.9375 -2.3406 
37.266786 205.0 -80.6252 34.8738 2.604975 -30.0 2.8125 1.4043 
56.330442 236.0 -121.875 39.0867 6.41442 49.0 -0.469 -0.4681 
42.944955 280.0 -87.6564 40.491 2.802617 37.0 0.9375 0.4681 
38.739853 331.0 -90.9377 29.2565 4.466666 163.0 0.9375 -0.9362 
34.155893 368.0 -86.7189 29.2565 6.461399 110.0 0.9375 -1.8724 
37.546529 160.0 -122.813 42.3635 5.594971 48.0 0.468 0.0 
29.678504 417.0 -79.6877 39.0867 -1.499309 58.0 -0.4688 1.4043 
28.196786 187.0 -88.1252 39.0867 -2.910337 -25.0 1.4062 -0.4681 
33.292893 282.0 -81.0939 40.491 1.032608 -14.0 2.8125 0.0 
32.430404 207.0 -88.1252 36.7462 3.393578 -5.0 1.875 1.8724 
43.693493 757.0 -74.0627 36.7462 -0.29155 212.0 0.4687 -0.9362 
35.127767 115.0 -96.0939 32.5333 3.271053 -49.0 0.0 -1.4043 
32.14131 366.0 -91.8752 38.6186 1.865231 84.0 0.4687 1.4043 
36.242118 123.0 -120.938 39.0867 1.971662 1.0 0.468 -0.4681 
44.407419 348.0 -92.8127 36.2781 1.707102 41.0 0.4687 0.4681 
34.267577 562.0 -84.3752 37.2143 -2.069075 153.0 0.9375 1.4043 
36.898823 378.0 -83.4377 30.1927 -1.955506 136.0 -1.4063 -0.4681 
33.257292 495.0 -73.5939 40.491 -3.750399 117.0 -1.4062 -1.4043 
54.361766 518.0 -90.0002 37.6824 -15.451131 93.0 3.2812 1.8724 
41.284646 572.0 -84.3752 39.0867 -2.143117 107.0 2.8125 1.8724 
34.858628 405.0 -88.1252 36.2781 -6.473798 45.0 1.4062 0.9362 
30.642163 358.0 -81.5627 34.4057 -14.763774 46.0 1.4062 1.8724 
36.641922 139.0 -77.8127 30.1927 2.242985 46.0 2.3437 3.2767 
40.705581 601.0 -94.2189 39.5548 -7.442923 265.0 0.0 1.4043 
33.936489 104.0 -90.9377 42.8316 -0.923506 1.0 0.4687 0.0 
27.819789 171.0 -93.7502 44.2359 -6.714698 72.0 -2.8125 0.9362 
42.187708 373.0 -69.3752 46.1083 -2.19214 168.0 0.4687 1.4043 
27.428775 105.0 -88.1252 34.4057 -5.133933 -127.0 0.4687 1.4043 
38.232416 103.0 -97.5002 38.1505 2.325717 -116.0 -0.4688 1.4043 
35.147811 204.0 -75.0002 40.0229 -1.390898 54.0 0.4687 0.9362 
34.868469 112.0 -89.5314 41.4272 3.322218 -22.0 -0.4687 0.4681 
33.373474 148.0 -72.6564 39.5548 -3.450818 40.0 2.3438 0.4681 
42.169438 197.0 -94.2189 32.5333 3.996353 35.0 0.4688 0.0 
41.846316 207.0 -88.5939 32.0652 1.428089 -11.0 1.4063 0.0 
31.983317 212.0 -103.594 43.2997 -7.345928 9.0 -2.813 0.9362 
37.409696 196.0 -90.4689 43.7678 8.554718 74.0 3.2813 1.4043 
30.378054 90.0 -82.9689 40.491 -6.149706 -132.0 -1.875 1.4043 
28.869929 453.0 -95.1564 48.4488 -3.545899 314.0 2.8125 -0.9362 
38.828233 191.0 -90.4689 43.7678 -7.298165 -27.0 0.0 0.4681 
43.318466 340.0 -93.2814 39.0867 -3.094279 58.0 0.4688 0.9362 
34.712679 272.0 -92.3439 43.7678 0.548364 103.0 0.0 0.9362 
29.449798 184.0 -91.4064 40.491 -5.264467 75.0 2.3438 2.3405 
50.308031 123.0 -95.6252 27.3841 -10.497824 28.0 0.4687 0.0 
31.48334 94.0 -75.9377 41.4272 -1.025802 6.0 0.0 0.0 
31.307892 330.0 -73.1252 42.3635 -5.887834 146.0 -0.9375 -0.4681 
39.426817 119.0 -93.2814 35.81 -3.975541 10.0 0.0 0.4681 
39.973375 234.0 -81.0939 33.0014 9.445579 -14.0 0.0 0.4681 
53.598467 134.0 -79.6877 27.3841 -26.335067 24.0 0.0 0.0 
58.65226 144.0 -80.1564 29.7246 -4.198868 32.0 -0.4687 0.0 
50.793358 147.0 -81.5627 30.6608 -9.651152 -5.0 -0.4688 0.0 
58.066993 150.0 -84.8439 30.6608 -5.487557 29.0 -0.4687 -0.9362 
38.877284 157.0 -87.6564 32.0652 0.60391 -4.0 0.4688 -0.4681 
35.367558 165.0 -96.0939 31.1289 4.801863 19.0 -0.9375 -0.9363 
50.854505 173.0 -83.4377 35.3419 3.141138 15.0 0.4687 0.0 
37.327302 164.0 -80.1564 37.2143 -11.690714 28.0 0.0 0.0 
68.277552 238.0 -89.0627 29.2565 9.043759 86.0 0.4687 -0.9362 
60.332351 137.0 -91.8752 32.5333 -3.295775 -40.0 -0.4688 -0.4681 
68.100599 232.0 -92.3439 35.3419 2.831426 8.0 0.0 0.0 
56.37566 282.0 -90.9377 39.5548 9.93801 16.0 -0.4688 0.0 
60.032695 255.0 -76.4064 38.6186 10.132712 -14.0 -0.4687 0.0 
46.894241 154.0 -69.3752 44.2359 -5.457287 1.0 0.4687 0.0 
46.501789 347.0 -94.6877 38.6186 -2.940617 114.0 1.875 0.4681 
50.273542 599.0 -89.0627 36.7462 3.332589 286.0 -0.4688 -4.2129 
65.80196 418.0 -88.1252 40.491 10.038532 19.0 1.875 2.8086 
53.351608 290.0 -68.4377 42.3635 17.065801 163.0 0.0 -2.8086 
31.482162 147.0 -97.5002 35.81 -1.980346 -11.0 1.4062 1.4043 
33.747667 264.0 -85.7814 34.8738 -5.283399 71.0 -0.4687 0.4681 
27.272364 164.0 -99.8439 35.81 -3.796667 4.0 0.0 -0.4681 
33.241739 263.0 -97.0314 41.4272 -2.156049 14.0 -0.4687 0.9362 
38.051125 465.0 -82.9689 32.0652 -6.216486 167.0 1.4063 -1.8724 
33.759625 183.0 -77.3439 43.2997 -0.630478 -16.0 -1.4062 0.4681 
36.614243 124.0 -75.0002 42.8316 2.363394 -26.0 -0.4688 0.9363 
35.746461 239.0 -72.1877 39.5548 -3.256322 110.0 -0.4688 -3.2768 
38.215514 187.0 -67.5002 42.8316 4.61849 93.0 0.9375 -2.3405 
28.235778 79.0 -82.0314 33.9376 0.913226 -61.0 3.2813 1.4043 
35.34141 388.0 -81.5627 33.0014 2.271075 183.0 0.4687 0.4681 
36.266933 145.0 -91.4064 33.4695 -4.018125 -66.0 -0.9375 -1.4043 
35.061395 335.0 -85.7814 33.9376 -12.492328 -15.0 0.4688 0.4681 
39.038647 881.0 -80.1564 35.81 -4.383966 344.0 2.3438 0.9362 
36.582041 537.0 -71.2502 40.0229 -8.311765 241.0 0.0 -3.2768 
27.027405 215.0 -80.1564 41.4272 -2.580184 3.0 0.9375 0.9362 
31.272527 224.0 -81.5627 39.0867 -5.147923 -54.0 2.3437 0.4681 
30.887074 203.0 -90.0002 39.5548 1.72617 3.0 1.4062 0.4681 
40.038931 358.0 -84.3752 35.3419 -2.110609 66.0 1.4062 0.4681 
31.845885 307.0 -76.4064 40.0229 1.793929 38.0 1.4063 0.9362 
42.35646 306.0 -120.469 48.4488 -5.99879 161.0 -0.938 0.4681 
37.623055 257.0 -89.5314 36.7462 -0.916931 3.0 -0.9375 -0.4681 
33.117052 316.0 -88.1252 39.5548 -4.414601 -4.0 1.875 0.9362 
30.404659 225.0 -81.5627 34.8738 -2.580107 25.0 0.9375 0.9362 
32.616377 284.0 -77.8127 35.3419 2.36515 55.0 1.4062 0.9362 
35.330698 265.0 -86.7189 40.9591 2.249479 18.0 0.4688 -0.4681 
31.071573 169.0 -89.0627 41.4272 3.316302 73.0 0.9375 0.4681 
28.663561 85.0 -96.5627 32.5333 -1.21382 -30.0 -0.9375 0.0 
29.55478 107.0 -91.4064 33.0014 -3.317536 -32.0 1.875 0.9362 
32.761929 191.0 -87.1877 34.4057 2.490598 55.0 1.4062 0.9362 
31.882985 107.0 -84.8439 33.9376 -2.201583 -30.0 0.9375 0.9362 
32.902386 234.0 -91.8752 40.0229 3.843456 120.0 0.0 -0.9362 
28.849043 199.0 -90.0002 33.0014 -1.415406 33.0 -0.9375 -0.9362 
37.307687 327.0 -87.1877 33.4695 2.042742 28.0 1.875 1.4043 
54.75033 297.0 -86.2502 32.0652 6.842587 70.0 1.4062 0.9363 
32.904009 238.0 -84.8439 31.1289 -19.28714 5.0 0.4688 -1.4044 
32.626688 199.0 -94.2189 37.6824 2.485193 98.0 1.4063 -0.4681 
46.037333 154.0 -83.9064 30.6608 3.281713 37.0 -1.4062 0.0 
47.358733 237.0 -83.4377 30.1927 -2.143313 12.0 -1.4063 -2.3406 
32.873656 289.0 -95.6252 35.3419 -0.355265 28.0 -0.9375 0.4681 
34.46216 173.0 -85.7814 32.0652 -11.792748 -54.0 0.0 0.0 
31.96208 322.0 -101.25 37.2143 1.481787 216.0 0.469 -1.8724 
38.793821 160.0 -92.8127 33.0014 -14.085535 14.0 1.4062 2.3406 
31.64019 266.0 -90.0002 35.3419 3.600164 105.0 1.4062 -1.8724 
30.665169 240.0 -92.8127 40.9591 -3.063576 -10.0 0.0 0.0 
40.842183 253.0 -94.6877 38.6186 -1.658707 78.0 -0.4688 -1.4043 
39.039506 322.0 -88.5939 34.8738 -4.938809 97.0 2.3438 1.4043 
30.199228 193.0 -88.5939 34.8738 -15.453529 24.0 1.875 0.0 
36.432889 250.0 -79.6877 32.0652 -2.620529 129.0 -0.4688 0.9363 
48.810315 207.0 -79.2189 29.2565 1.848017 87.0 0.4688 0.9362 
33.592058 154.0 -77.3439 28.3203 -13.023372 56.0 3.2813 -0.4681 
30.542962 108.0 -87.1877 30.6608 -0.198567 15.0 0.0 -0.4681 
32.10735 436.0 -75.0002 37.2143 -2.118678 190.0 2.8125 2.3405 
29.384926 121.0 -84.8439 40.9591 0.762236 30.0 1.875 1.4043 
32.739508 150.0 -69.8439 45.1721 1.051119 7.0 0.0 0.4681 
37.845493 165.0 -93.2814 40.0229 -3.603037 49.0 0.9375 1.4043 
36.25393 107.0 -74.0627 43.2997 2.094836 -13.0 -0.4688 1.8725 
32.805615 160.0 -90.9377 40.491 0.935069 59.0 -0.4688 0.9362 
31.230662 149.0 -93.2814 37.2143 -4.504107 -52.0 0.0 0.9362 
38.030015 149.0 -91.4064 33.9376 2.388059 52.0 0.4688 0.0 
38.324289 713.0 -73.1252 40.491 -15.269799 480.0 -1.875 -1.8725 
31.067422 228.0 -71.7189 36.2781 -7.73301 127.0 2.8125 -3.2767 
41.574155 212.0 -86.7189 28.7884 10.41642 105.0 -0.9375 -0.4681 
40.106355 166.0 -97.9689 32.0652 6.1669 -8.0 -1.4062 -0.4681 
32.681904 215.0 -96.0939 33.9376 1.502632 41.0 -1.875 0.9362 
41.430008 135.0 -92.3439 34.8738 -8.682314 33.0 0.4688 -0.4681 
39.647103 99.0 -84.3752 34.8738 -2.32199 -14.0 0.9375 0.4681 
47.001959 178.0 -82.5002 38.1505 3.784172 -25.0 0.4687 1.4043 
35.098501 408.0 -73.1252 39.0867 4.716491 175.0 1.4062 -0.9362 
36.045966 247.0 -94.6877 32.0652 -5.831894 -40.0 -1.4063 0.0 
30.619543 155.0 -83.4377 33.9376 0.832623 14.0 0.0 0.4681 
27.310571 155.0 -103.125 45.1721 -1.444633 37.0 -3.2811 0.4681 
30.679078 127.0 -91.4064 45.1721 1.700888 30.0 -1.4062 -0.4681 
39.412931 268.0 -93.7502 38.1505 -13.303299 -17.0 -1.4063 0.0 
41.556458 595.0 -90.0002 36.2781 -4.780957 100.0 2.3437 0.9362 
33.776422 119.0 -85.3127 34.4057 -15.398684 -129.0 1.4062 0.4681 
45.004769 228.0 -122.344 38.6186 -1.742095 78.0 -0.469 -0.9362 
33.320786 105.0 -120.0 38.6186 0.474659 -132.0 0.938 -3.7449 
33.723753 204.0 -102.188 38.1505 6.038099 109.0 0.468 0.4681 
42.308493 604.0 -94.6877 35.81 -0.110246 72.0 -0.4688 0.4681 
35.614851 335.0 -88.1252 41.4272 2.253632 82.0 0.0 -0.4681 
28.755121 176.0 -72.1877 44.704 -6.096499 -67.0 0.0 0.9362 
35.537672 166.0 -95.6252 30.1927 -4.930076 -95.0 0.0 -0.9362 
29.667726 177.0 -121.406 48.4488 1.162846 56.0 -0.937 -0.4681 
28.108873 92.0 -84.3752 33.9376 -6.320248 -49.0 -0.4688 0.4681 
28.951261 266.0 -71.2502 40.491 -2.244386 49.0 3.75 0.0 
35.222736 209.0 -93.2814 34.4057 4.829632 -155.0 0.9375 -3.2767 
48.619402 546.0 -87.6564 38.6186 0.785301 96.0 1.875 1.4043 
53.839177 376.0 -84.8439 31.597 3.672345 109.0 0.0 -1.4044 
49.806987 395.0 -78.7502 35.3419 -10.107255 61.0 0.9375 0.0 
67.049889 290.0 -74.0627 37.2143 11.667781 72.0 1.875 0.4681 
41.414947 106.0 -68.4377 46.1083 -8.41284 2.0 0.0 0.4681 
33.267929 131.0 -90.0002 38.6186 5.563125 22.0 1.875 1.4043 
63.93862 203.0 -96.0939 29.2565 9.616605 -3.0 0.0 0.0 
30.739748 108.0 -78.7502 29.7246 -3.127329 8.0 1.875 2.3405 
57.412081 271.0 -93.7502 27.8522 23.188948 41.0 -0.4688 -0.4681 
61.032844 396.0 -83.9064 32.0652 10.611453 -2.0 -0.9375 -0.9362 
34.430354 872.0 -78.2814 40.0229 -4.418405 340.0 0.0 1.8724 
32.953401 162.0 -89.5314 30.6608 -4.375249 -32.0 0.4688 0.4681 
38.533107 182.0 -123.281 43.7678 2.772365 76.0 -0.468 -1.4043 
48.714291 97.0 -93.7502 26.916 12.225479 -7.0 4.2187 0.0 
41.876303 607.0 -82.9689 30.6608 5.130767 132.0 0.9375 -0.4681 
34.787166 574.0 -73.1252 35.81 -0.535143 370.0 3.75 -1.8724 
45.935045 466.0 -91.8752 34.4057 -5.206821 103.0 0.4687 0.0 
31.911122 265.0 -81.5627 34.4057 -5.580004 -8.0 1.4062 0.4681 
53.341307 284.0 -97.0314 27.8522 0.483901 121.0 0.0 -0.4681 
60.720031 382.0 -86.7189 29.7246 23.517837 147.0 -0.4687 -1.4043 
31.035293 462.0 -82.0314 33.9376 -4.552779 45.0 0.0 -0.9362 
32.907766 277.0 -86.7189 33.0014 -14.679599 -68.0 -1.4062 0.9362 
44.644666 245.0 -114.375 33.4695 2.397311 74.0 -0.937 -0.9362 
37.220875 251.0 -111.563 32.0652 -2.499657 107.0 -0.938 -1.4043 
29.988848 141.0 -83.9064 36.2781 -16.001484 -55.0 1.4063 1.4043 
32.823394 587.0 -75.9377 41.8953 -3.686841 -23.0 0.0 1.8724 
36.092607 164.0 -99.8439 34.4057 0.797706 25.0 -0.9375 0.4681 
33.013979 252.0 -94.6877 33.0014 -1.257801 -29.0 -0.9375 0.9362 
39.152498 205.0 -98.9064 29.2565 3.958357 -97.0 2.3436 0.0 
45.636828 326.0 -91.8752 30.1927 -0.10992 54.0 0.9375 -0.4681 
45.368531 582.0 -84.3752 32.5333 4.930635 141.0 -0.4688 -1.8724 
35.902222 495.0 -74.0627 36.2781 0.218548 295.0 1.875 -1.8724 
31.072365 217.0 -71.7189 36.7462 -5.192625 117.0 2.8125 -3.2767 
32.470025 424.0 -86.7189 28.7884 3.747586 212.0 -0.9375 -1.4043 
37.439619 119.0 -68.4377 44.704 8.475699 -4.0 1.875 0.9362 
30.441674 163.0 -81.5627 28.7884 -4.302616 -82.0 1.875 -1.4043 
36.9282 604.0 -77.3439 31.1289 -4.361064 413.0 1.875 1.4043 
41.982285 159.0 -69.8439 42.3635 -4.418019 52.0 1.4063 0.0 
38.641367 579.0 -75.0002 35.81 -2.544991 37.0 0.0 -1.4043 
35.881905 285.0 -122.813 47.0445 2.546965 166.0 0.0 0.9362 
44.978332 252.0 -71.2502 41.4272 3.557794 51.0 0.4687 -0.9363 
37.765129 139.0 -99.3752 33.9376 -5.922693 25.0 0.9378 -0.9362 
38.073651 371.0 -88.5939 35.81 1.021965 69.0 -0.9375 0.0 
28.699963 104.0 -79.6877 28.3203 -14.456683 -17.0 0.9375 0.9362 
34.429985 253.0 -123.281 44.2359 -0.773874 113.0 0.0 0.9362 
35.298654 200.0 -90.4689 35.81 -26.407275 -7.0 -2.3437 -0.9362 
33.631437 250.0 -87.1877 35.81 -25.465075 13.0 -0.9375 -0.9362 
36.71714 221.0 -85.7814 32.5333 -12.909119 -63.0 -0.9375 -1.8724 
27.416082 89.0 -79.2189 33.9376 -12.351701 -21.0 3.75 2.3406 
27.244547 143.0 -88.1252 42.3635 1.146926 45.0 -1.4063 0.9363 
29.945883 204.0 -88.1252 43.2997 -4.928363 -35.0 3.75 2.3406 
37.495039 195.0 -72.6564 38.1505 5.267268 113.0 1.4063 -0.9362 
32.127154 182.0 -100.313 39.5548 -2.22689 48.0 -1.4066 1.8724 
31.719768 194.0 -91.8752 37.2143 -4.709159 -3.0 1.4062 0.4681 
32.154343 203.0 -123.281 45.6402 0.289528 95.0 0.0 0.4681 
28.901085 176.0 -82.5002 42.8316 1.842193 38.0 -1.875 -0.9362 
29.760192 123.0 -97.5002 42.8316 -0.494598 -22.0 -0.9375 0.9363 
39.43473 160.0 -98.9064 39.5548 3.057321 32.0 0.4688 0.4681 
36.549802 133.0 -89.5314 43.2997 7.650363 48.0 0.4688 0.9362 
28.489514 319.0 -92.3439 47.5126 -2.214829 227.0 1.4063 4.681 
46.541172 327.0 -92.8127 27.8522 -6.723192 133.0 1.875 -0.4681 
60.929381 260.0 -97.5002 27.8522 15.302801 46.0 -0.4688 -0.4681 
34.085604 100.0 -86.2502 29.7246 -0.807277 16.0 -0.9375 0.0 
37.592488 183.0 -101.719 30.6608 2.855346 30.0 -2.8126 1.4043 
40.623966 101.0 -101.719 28.3203 11.328335 31.0 0.469 -2.8086 
35.591055 437.0 -97.5002 38.1505 3.989843 297.0 0.4687 0.4681 
29.362954 101.0 -74.0627 37.6824 -0.270615 16.0 1.875 -0.4681 
34.912743 84.0 -88.1252 41.4272 0.583152 -19.0 2.3437 1.4043 
42.848112 120.0 -93.7502 42.8316 2.761172 -89.0 -1.4063 -0.9362 
32.141154 141.0 -87.1877 42.3635 0.150386 54.0 1.875 -0.4681 
43.600445 115.0 -75.9377 42.8316 4.355745 -52.0 -0.4688 0.4681 
29.478271 251.0 -91.4064 40.491 -11.82905 32.0 1.4063 0.4681 
56.51541 251.0 -72.1877 37.2143 13.656393 137.0 1.875 0.0 
34.824015 366.0 -68.9065 47.5126 -4.31698 234.0 -0.4688 2.3405 
50.224722 157.0 -97.9689 28.7884 -7.872094 -24.0 -1.4062 -0.4681 
39.557404 206.0 -97.9689 32.5333 -13.143654 67.0 -0.4687 -0.4681 
44.609954 189.0 -93.7502 36.7462 -0.963546 48.0 0.0 0.0 
30.51426 179.0 -95.6252 43.7678 1.022024 46.0 0.9375 1.4043 
43.948718 93.0 -96.0939 27.3841 -7.751281 -10.0 -0.4687 0.0 
41.775031 481.0 -93.2814 45.1721 -4.196608 173.0 -2.8125 0.0 
38.862145 300.0 -79.2189 35.81 -3.527665 23.0 0.9375 1.4043 
32.441074 154.0 -77.8127 30.6608 -4.194912 -40.0 -0.4688 -1.8725 
59.926051 326.0 -77.8127 31.1289 12.820142 68.0 0.0 -0.9363 
63.772986 624.0 -75.4689 36.2781 -2.839385 137.0 0.4688 -3.7448 
46.843741 612.0 -71.7189 39.5548 -2.825387 294.0 1.4063 -2.8087 
39.359673 284.0 -70.3127 43.7678 -0.896729 45.0 0.9375 -0.4681 
43.436365 490.0 -120.938 44.2359 -5.67542 120.0 0.0 0.9362 
39.247823 199.0 -91.8752 31.597 -0.130546 -50.0 0.4687 0.4681 
32.745245 564.0 -74.5314 34.8738 4.406805 404.0 2.3438 -3.2767 
34.020113 144.0 -122.813 40.9591 2.479434 28.0 0.0 -1.8725 
38.480679 216.0 -97.0314 38.1505 -1.828422 33.0 0.4688 0.0 
29.106958 250.0 -73.5939 46.1083 -5.486915 -8.0 -1.4062 1.4043 
36.082321 464.0 -83.9064 38.1505 -3.425218 61.0 0.9375 2.3405 
37.638069 600.0 -76.4064 44.2359 -0.405741 113.0 0.4688 2.8087 
46.628081 665.0 -69.3752 41.8953 -4.128501 490.0 0.0 -2.8087 
42.286039 229.0 -120.938 38.6186 -4.564383 78.0 -1.407 0.9362 
32.400578 147.0 -115.781 35.3419 3.775531 49.0 -0.937 -0.9362 
39.266472 171.0 -116.25 34.4057 6.416992 63.0 -0.469 -1.4043 
40.28201 171.0 -123.281 42.8316 7.116225 93.0 -0.468 -1.4043 
31.651841 221.0 -121.406 39.0867 -1.215189 66.0 0.469 -1.8724 
29.720814 204.0 -87.1877 32.5333 -13.023411 -40.0 -0.9375 -0.9362 
30.914457 209.0 -96.0939 31.1289 -2.464141 45.0 0.4688 0.9362 
31.302322 100.0 -122.813 46.1083 2.206128 -8.0 0.0 0.4681 
46.923212 256.0 -122.813 47.0445 4.291055 84.0 -0.469 0.9362 
32.793282 120.0 -74.0627 37.6824 -1.52389 2.0 0.9375 0.4681 
32.631738 119.0 -84.8439 28.3203 -4.162008 -4.0 -1.875 -1.8724 
28.115833 270.0 -92.3439 36.2781 -1.104437 70.0 -0.4687 0.9362 
35.897839 268.0 -83.4377 33.0014 4.192006 58.0 0.0 0.0 
33.037889 167.0 -78.7502 31.597 -0.275256 76.0 2.8125 1.4043 
44.494928 148.0 -122.813 42.3635 4.579899 11.0 0.0 -0.9362 
29.108724 218.0 -89.5314 37.2143 -5.327914 -19.0 0.4688 0.0 
33.384704 466.0 -75.9377 41.4272 1.740143 323.0 -3.75 -0.4681 
36.968319 354.0 -82.9689 38.6186 4.042175 51.0 0.0 -0.4681 
35.115664 524.0 -76.4064 41.4272 0.154555 74.0 0.9375 0.9362 
41.018497 255.0 -70.3127 44.704 3.682604 38.0 0.0 0.0 
42.166313 402.0 -86.2502 34.8738 -7.553842 -2.0 0.4687 0.9362 
29.747138 263.0 -76.4064 41.8953 -4.108227 163.0 0.4688 1.8724 
30.104027 136.0 -123.281 44.704 -1.385359 10.0 -0.468 -1.4043 
32.338931 121.0 -90.4689 36.2781 3.684358 40.0 0.4688 -1.8724 
35.84951 326.0 -121.875 36.2781 -0.808224 178.0 -0.937 -1.8724 
32.079631 99.0 -81.5627 27.8522 -13.402054 -14.0 0.4687 0.0 
41.351516 306.0 -83.9064 30.6608 6.866232 5.0 0.4688 -1.4044 
36.529762 159.0 -86.7189 36.7462 5.664415 -48.0 -0.4687 -0.4681 
28.388793 107.0 -83.4377 37.2143 -0.059751 -64.0 0.9375 3.2767 
34.691656 251.0 -89.0627 37.2143 2.993746 72.0 0.4687 0.4681 
31.852866 139.0 -82.5002 38.6186 -5.073475 0.0 0.4687 0.4681 
36.851323 442.0 -93.2814 40.0229 2.464861 -1.0 -0.9375 1.8724 
32.344627 485.0 -81.5627 41.8953 -1.526172 181.0 -1.875 3.7448 
28.117033 263.0 -70.7814 46.5764 -6.098377 53.0 0.4688 2.3405 
31.582412 85.0 -86.7189 38.6186 -8.764608 -91.0 1.4063 0.4681 
31.011341 156.0 -92.3439 36.7462 -12.823524 -63.0 -1.4062 -0.4681 
37.180243 266.0 -91.4064 37.2143 -24.117736 52.0 1.4063 0.9362 
52.48933 481.0 -87.6564 39.0867 -1.038552 130.0 0.9375 3.2767 
43.489928 187.0 -92.8127 34.8738 1.602668 5.0 -1.875 -0.9362 
41.144765 247.0 -90.0002 36.7462 -5.866384 -25.0 0.9375 0.4681 
48.383603 186.0 -105.938 47.0445 8.482762 3.0 -0.469 0.0 
35.755655 183.0 -104.531 43.2997 4.925901 64.0 -0.937 -0.4681 
32.91395 240.0 -96.0939 38.1505 -4.815637 -43.0 -0.4687 0.4681 
34.111595 215.0 -105.469 46.5764 -0.845845 7.0 0.937 0.4681 
28.907463 89.0 -112.5 45.6402 -3.543683 -24.0 -1.875 -0.4681 
31.999424 275.0 -94.2189 41.4272 0.330499 -170.0 -2.3437 0.0 
32.533126 131.0 -84.3752 40.9591 4.455896 -69.0 0.9375 1.4043 
35.462773 260.0 -107.813 47.9807 4.750188 98.0 0.937 0.0 
26.745022 103.0 -92.3439 44.2359 1.049737 -6.0 -2.3437 1.8724 
36.35597 335.0 -94.2189 43.7678 0.672774 188.0 3.75 -0.9362 
75.202486 340.0 -74.5314 36.7462 -5.11136 127.0 0.9375 -0.4681 
68.529063 425.0 -71.7189 43.2997 -8.61204 33.0 0.4688 -0.4681 
63.783534 343.0 -89.0627 28.7884 2.295711 167.0 0.9375 -1.4043 
45.203747 380.0 -88.1252 30.1927 1.024165 181.0 0.9375 -0.4681 
69.924789 426.0 -86.7189 33.0014 13.679089 -3.0 -2.8125 -2.8086 
40.103047 278.0 -80.1564 37.6824 0.490889 -67.0 -0.9375 -0.9362 
50.781054 167.0 -75.9377 41.8953 -4.124465 16.0 0.0 0.4681 
31.335088 122.0 -75.4689 38.6186 0.515261 -63.0 1.875 0.4681 
35.025617 116.0 -75.0002 34.4057 -3.7426 23.0 0.0 -1.4043 
29.969169 134.0 -87.1877 40.0229 -1.916825 -33.0 -0.9375 -0.4681 
27.691036 143.0 -121.875 39.5548 -2.700947 24.0 -0.469 0.0 
31.789534 125.0 -105.938 48.4488 -1.109365 32.0 1.406 2.3405 
35.264557 210.0 -98.9064 37.6824 -0.28757 -5.0 0.4688 0.4681 
57.55163 304.0 -98.4377 34.8738 8.742154 43.0 -0.9375 3.7449 
48.871531 336.0 -81.0939 29.2565 14.227009 255.0 0.0 2.3405 
41.34093 741.0 -77.3439 36.2781 1.392275 391.0 2.3438 -1.4043 
37.564156 358.0 -81.5627 45.1721 6.315447 219.0 2.8125 1.8724 
33.64645 114.0 -90.9377 40.0229 3.608859 18.0 0.4687 0.0 
31.291851 177.0 -76.8752 35.81 -0.336708 77.0 0.9375 0.0 
34.196357 334.0 -93.2814 37.6824 -10.805678 82.0 0.9375 0.0 
35.184582 220.0 -87.6564 37.2143 -5.717148 46.0 1.4063 0.4681 
33.386081 309.0 -85.7814 36.7462 2.584688 -8.0 0.0 0.9362 
36.25634 95.0 -91.8752 34.8738 1.854807 -13.0 0.4687 0.0 
44.885831 260.0 -123.281 47.5126 2.14686 99.0 -0.468 1.4043 
37.91564 307.0 -120.938 46.5764 2.194655 77.0 -0.938 -2.3405 
40.222989 354.0 -71.7189 42.3635 4.85569 111.0 1.875 0.0 
36.456237 328.0 -87.1877 34.4057 2.426354 98.0 0.4687 -0.4681 
37.547759 241.0 -83.9064 36.2781 -5.382963 29.0 0.4688 0.4681 
37.410335 379.0 -82.0314 40.9591 3.874518 14.0 -0.9375 0.4681 
35.25551 223.0 -92.8127 33.9376 -0.376096 42.0 -0.4688 -1.4043 
44.814094 361.0 -88.1252 36.7462 -3.542395 24.0 0.4687 0.0 
32.247589 362.0 -76.8752 39.0867 -2.282945 171.0 3.2812 0.9362 
29.109922 135.0 -92.8127 32.5333 -2.240217 -149.0 -2.3438 0.0 
28.086661 157.0 -83.9064 35.3419 0.068581 1.0 0.4688 0.4681 
41.615844 241.0 -122.813 47.5126 2.201923 101.0 0.0 1.4043 
40.950528 134.0 -122.813 44.704 3.479737 -4.0 -0.469 -0.4681 
30.701891 190.0 -94.6877 31.597 -13.197223 30.0 0.0 0.0 
53.045656 205.0 -122.344 44.2359 10.452441 90.0 0.469 0.0 
47.794262 321.0 -120.469 43.7678 -0.299312 151.0 2.344 0.0 
37.691816 195.0 -121.406 39.5548 -3.665196 12.0 0.0 0.0 
50.234877 249.0 -95.1564 33.4695 -0.633149 -121.0 0.4688 0.9362 
28.531898 159.0 -70.7814 43.7678 0.391544 19.0 0.4688 -0.9362 
29.88963 127.0 -97.0314 38.6186 -8.767269 9.0 0.0 0.4681 
39.06559 336.0 -94.2189 30.1927 -7.463155 -25.0 -0.9375 -0.9362 
36.658184 274.0 -78.7502 33.0014 -0.842342 71.0 1.875 0.0 
36.199816 217.0 -90.9377 35.3419 0.091482 6.0 -0.9375 -0.9362 
36.13705 203.0 -89.0627 33.4695 -3.923056 -23.0 1.4062 0.4681 
39.127656 161.0 -123.281 41.4272 8.437091 16.0 0.0 -0.9363 
34.957346 265.0 -123.281 47.0445 -0.681852 156.0 -0.468 0.9362 
36.396106 120.0 -95.6252 34.8738 0.802374 -18.0 1.4062 -1.4043 
55.955987 346.0 -94.6877 34.4057 -1.461345 -10.0 0.9375 1.8724 
43.148861 267.0 -92.3439 32.0652 -3.600179 9.0 -0.4687 -1.4043 
31.899026 140.0 -88.5939 34.8738 -18.017126 17.0 0.0 2.3405 
44.057772 155.0 -122.813 43.2997 5.323325 -62.0 -2.344 -1.8724 
28.685691 86.0 -92.3439 39.0867 -0.382839 -8.0 0.9375 0.0 
33.082975 233.0 -96.5627 44.2359 2.714744 65.0 0.0 0.4681 
35.428424 118.0 -93.7502 30.1927 -1.072255 -28.0 0.0 -0.4681 
35.23024 163.0 -92.3439 29.7246 2.555532 21.0 -0.4687 -0.4681 
34.205481 461.0 -75.9377 34.4057 -12.475729 239.0 -0.4688 -2.3405 
36.339535 400.0 -70.7814 45.1721 -0.842978 71.0 0.4688 0.4681 
42.114882 207.0 -94.6877 30.1927 -9.962556 48.0 -0.4688 1.8724 
37.058112 157.0 -85.3127 36.2781 5.151053 -4.0 0.0 0.9362 
27.388695 92.0 -80.6252 37.2143 -1.138547 -2.0 0.0 0.0 
44.402078 294.0 -91.8752 46.1083 8.811063 129.0 1.4062 0.9362 
38.400884 137.0 -76.8752 35.3419 1.724989 27.0 0.0 -0.4681 
29.80764 273.0 -77.8127 29.7246 -0.80969 191.0 3.2812 0.4681 
29.075908 141.0 -84.8439 32.5333 -12.374563 -15.0 1.875 1.4044 
40.353134 216.0 -95.1564 40.9591 0.237328 92.0 1.875 1.4043 
45.328541 258.0 -91.8752 46.5764 3.512459 163.0 -1.4063 -0.9362 
69.024724 265.0 -82.9689 28.3203 23.333562 110.0 0.0 -0.4681 
53.001372 261.0 -81.0939 29.7246 -11.970506 106.0 0.0 -0.4681 
34.38963 135.0 -82.9689 43.2997 -1.079418 52.0 0.4688 0.0 
41.280025 149.0 -90.4689 27.8522 6.898178 70.0 -3.2812 -1.8724 
47.651346 243.0 -82.9689 27.8522 -3.876698 126.0 -2.8125 -0.4681 
72.926595 192.0 -89.5314 29.2565 -9.102925 89.0 0.0 -1.4043 
54.639792 214.0 -89.5314 31.597 -12.552622 59.0 0.4688 0.0 
37.532207 167.0 -92.3439 36.7462 0.655876 3.0 -0.4687 -0.4681 
36.157611 180.0 -90.4689 39.5548 -9.483862 46.0 0.4688 0.0 
36.21569 175.0 -69.8439 44.704 -0.410566 36.0 0.0 -0.4681 
35.569664 492.0 -80.1564 43.7678 -1.763356 296.0 -3.75 -1.8724 
30.522305 143.0 -89.0627 34.8738 -2.455372 -145.0 0.4687 2.3405 
37.075105 737.0 -79.2189 41.4272 -8.180277 363.0 0.0 2.3405 
28.06523 327.0 -70.3127 42.8316 1.144724 238.0 0.4687 -1.8724 
48.249386 312.0 -97.9689 31.597 9.021425 -62.0 -1.4062 1.4043 
39.092313 262.0 -91.8752 31.597 -3.758183 29.0 -0.9375 -0.4682 
34.267317 204.0 -85.3127 33.9376 -0.136088 -29.0 0.9375 -0.4681 
38.172345 404.0 -87.1877 42.8316 7.329384 12.0 2.8125 2.8087 
29.761068 262.0 -73.1252 40.0229 -7.020564 143.0 0.9375 -2.8087 
60.806628 493.0 -73.5939 31.1289 -3.779137 317.0 4.2188 -1.4044 
58.034934 408.0 -72.6564 34.4057 -0.760174 312.0 2.8125 -1.4043 
72.342103 417.0 -74.0627 38.6186 2.603137 173.0 2.8125 -0.9362 
34.190986 208.0 -79.2189 40.0229 1.466903 28.0 0.0 0.0 
31.412555 89.0 -67.969 44.704 -1.948933 -17.0 1.4062 -0.4681 
30.355268 304.0 -90.4689 42.3635 3.823346 197.0 3.75 2.8087 
44.199728 285.0 -121.875 46.5764 -16.956149 143.0 0.469 0.0 
52.897848 153.0 -122.813 42.3635 7.115384 25.0 0.0 -0.9362 
49.210919 224.0 -122.344 39.0867 1.533014 21.0 -0.469 -1.4043 
49.574762 257.0 -122.344 40.491 10.172842 -186.0 -1.875 -2.8087 
33.534511 252.0 -123.281 45.6402 4.960069 129.0 0.0 1.4043 
29.59226 174.0 -122.813 45.6402 -1.056194 20.0 0.0 -0.4681 
47.992277 173.0 -123.281 43.2997 13.897294 53.0 0.0 -2.3405 
32.435876 223.0 -88.1252 41.8953 3.075491 148.0 0.0 -0.9363 
30.300395 297.0 -74.5314 44.704 -2.848902 44.0 0.0 1.8724 
39.743344 272.0 -91.4064 32.5333 -2.69633 34.0 0.0 -0.4681 
30.949952 524.0 -80.6252 37.2143 -2.185817 159.0 -0.4688 1.4043 
35.431847 490.0 -70.3127 40.9591 6.867933 387.0 1.4062 -0.9362 
34.865002 288.0 -90.4689 32.5333 0.077191 89.0 0.0 -0.4681 
52.37485 515.0 -95.6252 30.6608 -0.807452 193.0 -0.4688 0.4681 
53.604216 284.0 -91.8752 30.6608 -6.250037 94.0 -0.4688 -0.4681 
37.341793 335.0 -87.1877 38.1505 -12.336454 27.0 1.4062 0.9362 
33.078378 194.0 -82.0314 36.7462 -0.03128 45.0 0.0 0.4681 
39.363903 149.0 -81.5627 35.81 3.523434 33.0 -0.4688 0.0 
31.452575 169.0 -92.3439 37.6824 -5.326155 22.0 1.4063 0.0 
32.21368 727.0 -83.9064 40.491 -7.288947 184.0 2.3438 3.7448 
30.740999 279.0 -84.3752 31.597 -5.720824 58.0 1.875 0.0 
38.317475 405.0 -72.6564 37.2143 -6.075948 205.0 2.8125 0.4681 
28.883802 94.0 -90.4689 32.5333 -4.782068 -95.0 -0.4687 -0.4681 
37.538662 142.0 -85.7814 33.0014 -6.574382 -66.0 0.0 0.4681 
41.426908 187.0 -84.8439 31.1289 -8.811098 -8.0 1.4063 0.0 
33.43561 275.0 -79.6877 33.4695 2.245656 17.0 3.2812 0.4681 
34.681808 334.0 -91.4064 39.0867 2.413127 130.0 1.875 2.3405 
33.341749 220.0 -86.2502 35.81 -0.404483 9.0 0.9375 1.4043 
29.752193 102.0 -82.0314 39.5548 -1.898556 -38.0 3.2813 1.8724 
32.29186 510.0 -82.0314 34.4057 -3.086215 220.0 0.4688 0.9362 
46.774055 289.0 -90.0002 28.7884 7.279434 41.0 2.3437 -1.4043 
30.618211 206.0 -100.313 41.8953 -7.968539 75.0 -2.8128 -0.9363 
36.549519 580.0 -86.7189 37.2143 -7.556742 236.0 2.8125 3.2767 
49.642454 195.0 -86.7189 30.1927 8.771496 -20.0 0.9375 -0.9362 
33.297578 103.0 -93.7502 39.0867 -2.720587 -60.0 -0.9375 -2.3405 
41.46252 618.0 -87.1877 41.8953 -0.619445 155.0 2.8125 1.8724 
32.863617 153.0 -87.1877 38.1505 -0.883543 -93.0 -0.4688 1.8724 
30.181732 116.0 -88.5939 35.3419 -4.83736 11.0 -0.9375 -0.9362 
38.317515 115.0 -85.3127 34.4057 -0.600091 -79.0 -0.9375 -0.9362 
36.471847 150.0 -77.8127 36.2781 5.973328 -7.0 0.0 0.9362 
29.254897 95.0 -92.3439 43.7678 -5.590934 -34.0 2.3438 2.8087 
43.850742 219.0 -90.0002 38.1505 6.228244 6.0 0.9375 0.0 
33.22984 153.0 -86.2502 35.81 -4.727945 -37.0 -0.4688 0.4681 
45.721427 160.0 -83.9064 36.2781 9.955882 -57.0 -0.9375 1.4043 
37.268084 238.0 -90.9377 33.0014 -16.060297 62.0 0.4687 1.8725 
35.206361 324.0 -99.3752 45.1721 3.357369 162.0 0.0 -1.8724 
32.881338 435.0 -93.7502 47.9807 1.387538 -91.0 2.8125 3.2767 
42.298582 144.0 -93.2814 35.81 -0.676454 -41.0 0.0 0.4681 
31.774986 294.0 -69.3752 42.8316 3.260636 194.0 -0.9375 -3.2767 
28.858531 117.0 -93.7502 40.9591 -6.232535 -103.0 -0.4688 0.0 
40.121061 348.0 -90.0002 38.6186 -2.255486 81.0 1.4062 1.8724 
37.445831 159.0 -108.281 48.4488 3.147308 42.0 1.407 0.0 
63.355362 243.0 -82.0314 29.2565 22.824502 -79.0 -0.9375 -3.2768 
33.004764 456.0 -74.0627 38.1505 -9.120844 130.0 1.875 0.4681 
32.02585 136.0 -67.969 44.2359 -1.122025 -3.0 1.4062 0.4681 
29.408255 300.0 -80.6252 39.5548 1.260626 215.0 -3.2813 0.4681 
29.631248 222.0 -71.7189 44.2359 -4.152559 45.0 0.9375 0.0 
33.784337 268.0 -77.8127 42.3635 3.096428 24.0 3.2812 0.9363 
34.891081 187.0 -73.1252 44.704 1.289653 86.0 1.4062 1.4043 
39.956895 169.0 -84.3752 30.1927 10.184621 86.0 -0.4688 -3.2768 
47.503808 304.0 -85.7814 32.5333 7.661412 51.0 -1.4062 -1.8724 
33.021398 294.0 -88.5939 32.0652 -3.936231 145.0 -2.8125 -2.8086 
50.685225 108.0 -97.9689 32.0652 8.335986 16.0 -0.4687 0.0 
33.440879 103.0 -84.8439 38.6186 6.171476 36.0 3.75 1.4043 
34.52816 114.0 -72.1877 44.2359 4.599094 14.0 0.9375 1.8724 
39.166057 130.0 -95.6252 38.1505 6.238914 16.0 0.4687 2.8086 
53.996654 139.0 -94.2189 37.6824 20.920634 45.0 0.4688 0.4681 
25.7813 72.0 -96.0939 37.6824 -6.88105 -29.0 -0.4687 -0.4681 
34.287474 114.0 -100.313 37.6824 0.324382 17.0 -1.4066 0.4681 
40.595453 166.0 -70.7814 44.2359 6.861947 24.0 0.4688 0.9362 
43.110655 258.0 -84.3752 30.6608 2.952346 161.0 1.875 0.0 
56.613024 484.0 -96.5627 33.0014 6.453973 39.0 -1.4063 -0.4681 
42.182569 881.0 -84.8439 37.2143 -0.480999 307.0 1.875 2.3405 
36.677737 209.0 -123.281 47.9807 0.595541 115.0 -0.468 0.9362 
36.782481 278.0 -122.813 46.5764 -2.808235 17.0 -1.875 0.0 
31.282232 235.0 -122.813 46.5764 -5.342934 69.0 0.0 0.9362 
48.527452 233.0 -104.063 43.7678 10.67587 -54.0 -1.875 0.0 
33.986676 372.0 -86.2502 36.7462 -12.122955 212.0 0.0 -1.8724 
41.614253 151.0 -72.6564 37.2143 -3.752285 58.0 2.8125 0.9362 
34.150229 203.0 -102.188 48.4488 -1.24601 45.0 0.468 2.3405 
37.115083 163.0 -98.4377 44.704 -1.849361 -77.0 0.4687 0.4681 
43.899433 621.0 -90.4689 36.2781 2.289691 33.0 0.0 -0.4681 
29.597773 158.0 -84.8439 39.0867 -2.050943 -136.0 0.9375 -2.8086 
43.900741 628.0 -85.3127 32.0652 -3.021934 78.0 0.0 -1.4043 
43.16118 1001.0 -72.6564 39.0867 -0.748692 455.0 0.4688 -1.8724 
31.626499 337.0 -88.1252 37.2143 -3.592186 -98.0 0.4687 0.9362 
41.729693 539.0 -90.4689 36.7462 -10.420625 29.0 0.4688 0.4681 
29.491439 224.0 -90.0002 29.2565 -6.233793 62.0 -1.4063 -1.8724 
35.687747 510.0 -80.1564 34.8738 1.38973 95.0 -0.4687 -0.4681 
